Корень дискрименанта равен = 16.370706
 x1 = -5.061784
 x2 = 0.395118