Корень дискрименанта равен = 16.000000
 x1 = -5.000000
 x2 = 0.33333